BERLIN52

Optimal = 7544.365901904087
HC = 11862.987799855056
WSA50 = 9060.850180436964
WSA100 = 9265.6802451152
WSA250 = 8422.379316417833
WSA500 = 9169.262838073953

ATT48

Optimal = 33523.70850743559
HC = 49940.19250756425
WSA50 = 39860.023048799034 
WSA100 = 39344.1227124339
WSA250 = 37456.56419090763
WSA500 = 37539.83228051007

PR76

Optimal = 108159.4382741377
HC = 235620.47723370924 
WSA50 = 143901.25962546616
WSA100 = 141528.63043108885
WSA250 = 153407.00673691914
WSA500 = 153287.43102982792